[5, 7, 4, 0, 3, 6, 9, 2, 8, 1]--->4991
[6, 0, 9, 1, 4, 7, 3, 8, 2, 5]--->20683
[4, 8, 1, 5, 7, 2, 0, 3, 6, 9]--->2399
[7, 0, 3, 6, 9, 5, 8, 1, 4, 2]--->2435
[9, 6, 4, 1, 7, 0, 2, 8, 5, 3]--->6561
[2, 5, 8, 1, 3, 6, 9, 7, 0, 4]--->1242
[2, 9, 3, 8, 0, 4, 6, 1, 5, 7]--->214
[6, 8, 5, 1, 9, 0, 2, 4, 7, 3]--->1046
[0, 6, 9, 5, 1, 8, 4, 2, 7, 3]--->27937
[3, 8, 6, 4, 1, 5, 0, 9, 7, 2]--->1912
[0, 3, 6, 9, 7, 4, 1, 8, 2, 5]--->10244
[3, 7, 4, 2, 9, 5, 1, 8, 6, 0]--->10049
[7, 3, 1, 6, 4, 9, 0, 8, 5, 2]--->333
[3, 8, 6, 4, 1, 5, 0, 9, 7, 2]--->3203
[3, 7, 2, 4, 8, 1, 5, 9, 6, 0]--->1233
[6, 8, 2, 4, 1, 9, 5, 3, 0, 7]--->1666
[5, 1, 8, 4, 2, 7, 9, 6, 3, 0]--->13720
[1, 5, 2, 6, 9, 0, 8, 4, 7, 3]--->343
[1, 3, 7, 9, 4, 8, 5, 0, 2, 6]--->10245
[4, 8, 3, 5, 9, 1, 6, 0, 2, 7]--->734
[2, 9, 6, 3, 0, 4, 1, 8, 5, 7]--->4488
[5, 9, 2, 0, 3, 6, 8, 1, 4, 7]--->6576
[2, 7, 9, 3, 8, 0, 4, 6, 1, 5]--->9049
[3, 8, 2, 9, 1, 6, 4, 0, 7, 5]--->27589
[8, 6, 2, 7, 1, 4, 0, 9, 3, 5]--->2856
[9, 4, 2, 0, 6, 1, 7, 5, 3, 8]--->1309
[0, 4, 7, 9, 2, 6, 1, 3, 5, 8]--->1718
[6, 2, 5, 8, 4, 0, 3, 9, 7, 1]--->1061
[4, 6, 8, 2, 7, 1, 3, 5, 0, 9]--->3149
[6, 8, 3, 5, 0, 9, 1, 4, 2, 7]--->4689
[9, 7, 4, 1, 3, 0, 6, 8, 5, 2]--->137
[3, 5, 0, 9, 4, 6, 8, 2, 7, 1]--->9006
[5, 3, 1, 9, 7, 2, 0, 8, 6, 4]--->1473
[2, 6, 8, 3, 0, 4, 9, 1, 5, 7]--->274
[8, 5, 3, 6, 0, 7, 1, 4, 2, 9]--->3163
[0, 4, 7, 1, 6, 9, 2, 8, 5, 3]--->3373
[6, 8, 3, 0, 4, 9, 1, 5, 7, 2]--->9598
[4, 7, 5, 8, 2, 0, 3, 6, 9, 1]--->3734
[4, 9, 0, 5, 3, 1, 7, 2, 8, 6]--->4076
[4, 7, 1, 3, 9, 6, 8, 5, 2, 0]--->654
[8, 5, 0, 2, 9, 6, 3, 7, 4, 1]--->4357
[9, 0, 5, 3, 1, 7, 2, 8, 6, 4]--->104
[2, 5, 7, 9, 3, 0, 4, 1, 8, 6]--->6799
[5, 0, 9, 4, 6, 8, 2, 7, 1, 3]--->5425
[6, 4, 2, 8, 5, 9, 1, 3, 0, 7]--->4073
[0, 8, 4, 9, 7, 3, 1, 6, 2, 5]--->2385
[9, 6, 3, 0, 4, 1, 8, 5, 7, 2]--->1990
[1, 4, 9, 7, 0, 3, 6, 2, 5, 8]--->4182
[4, 7, 1, 8, 5, 2, 0, 3, 6, 9]--->7511
[4, 7, 1, 6, 2, 0, 8, 3, 5, 9]--->23745
[6, 4, 7, 1, 8, 2, 5, 3, 0, 9]--->1117
[9, 4, 0, 7, 3, 1, 6, 8, 5, 2]--->3799
[4, 7, 1, 3, 9, 0, 8, 5, 2, 6]--->1341
[2, 5, 9, 4, 1, 8, 6, 3, 7, 0]--->785
[0, 2, 5, 8, 6, 9, 3, 1, 4, 7]--->2959
[3, 9, 6, 4, 1, 7, 0, 2, 8, 5]--->1169
[1, 7, 5, 8, 2, 0, 3, 6, 4, 9]--->21199
[1, 3, 5, 7, 9, 0, 2, 4, 6, 8]--->1947
[5, 8, 2, 0, 7, 1, 4, 6, 9, 3]--->188
[5, 0, 4, 6, 8, 2, 7, 1, 3, 9]--->1062
